46339833539573902374179626105889140951767996298156395952171953923730476820616296037071421294066782751
69816502042750780932437092031888344574236602779889373372296840477860567057486599074423068372822093723
3235285082976392506350641439403149325467160835607558102175015751350200898645682769264374672070509750426690656498293215547129032264115580307886921025955553649079136433142723805988930360284090614401771973
3235285082976392506350641439403149325467160835607558102175015751350200898645682769264374672070509750310534320915968532240512314126338094781882321947909784324610342031551679927886035248789600947512895500
2012924716514644722923882713431585274934079497989652490051197315168859202543005486677612556401035069
1745899394154461565928509683864036417436051795222937188045054055791743459137156690981161777088743494024349287867200984039890592948739062700924749433986034735313716285399140684638295641970957734051816529
54049084367413310841748213610202497241728575203055876889914072228932558368497134985232871253151824447
37745418391400297881266770324385477183604571407050236364471980171975271392011900778761224921037951219
2040105303120108718101007178144512853659290189443403538252437326385352777608537157390740185854892361267708114080741678911016254500732299046956200899586309992499652458585007944019522794600613016837650893
2040105303120108718101007178144512853659290189443403538252437326385352777608537157390740185854892361175913611321928070188001270566144324621623054289480196738113600057677178183510487030606516842647875228
1963649185557253009566376574868942762859839440421261647859085978686042590091955568641648748860187861
1029060127962115875704751691562625713408553689610123558810181899381207422327932960569952781588799668351159863846238041691076754864675118784074330672496613887964037484100064731356689074777029498500157485
35897363372736095641553925486350535175424995765488157167630936353140981521980483173497025336260278797
49544550767059231004384645457921995566186284383176253594696007769868205672234137356941259699575199667
1778518742024096071093663638971216865399042505520415643400876381452006970219167033131338397404018504474300325776186062562133498970113117430073310104282897293900736450210431136650756737027777492361560599
1778518742024096071093663638971216865399042505520415643400876381452006970219167033131338397404018504388858411636390735916194928025840586688462029955618486531573792327201243942436136206589492456526082136
1104937775711027814276263603270179632004430794287165768721392915621597469951470143411744557675822807
420814061836919231324181791023111631823979212968060743833370906682335438033761018022189392045184844014398274105432019860373224507926055785575327824986575356076457243173504043061269204810520315220628487
59865337390923875884787010452706877877644465667857099040098389783289489781871898944786600527554831883
59336459924627544025380581137828146768070903769833147115061443709064398620860753757452049093568096223
3552197192970861417579481472764854141157668718802008451372811638395964993133450344960426153504510162055209542643630187430998093428315383848420661822442155091274686582805164534201070992191339537132277909
3552197192970861417579481472764854141157668718802008451372811638395964993133450344960426153504510161936007745328078767520830501837780359202705292384751908936114853090451276131468418289952689916009349804
1670122794498775525541496380829929976343057207906732412511109773410214473488576824807258521413431289
481808488852352007091796626117531487329876373519192540077101083054026417355041778662008229957542820745992739853829242623476932228081936781544356048826203640946116985068332745487086565683171591758959265
58767892569059070916667789662099145194834638969158612084453361087608580618803104602214349267078094473
45548046943425117367150971734387535320609147270791550827159794828997579358197013608695534187987939571
2676762729501666683214320073228353257182354961410313716875850561189649775148794336611746270980923863518223212033734743529750979372660663298361898298062596756727264227754268855281566753748545528153091083
2676762729501666683214320073228353257182354961410313716875850561189649775148794336611746270980923863413907272521250555245932217976173982782918112058112433845114108311148108878281448542838662073087057040
1477168856574658047768470820993831001702379060374036449441136433845929742640649696850050365486364607
1134926893761541591779140406712362514584297337089889381166078347420693114876339911234632730277065928424637548749064287981313314746439155816020271368870108709662286340996452160815064666974587486498486063
66223377685042844596737496884416896044622414613214031377062515598733939666404654656956993854371355887
47973548352788576272851282248689708875827218414049561345138487431466424326104702076431001608895390953
3176970411458382916803702110659945076479433599755595913943242515415615319950595750978946278941545632815472987344566347939900568020782785305897760935232626022858260786751748353312504435717977859563090311
3176970411458382916803702110659945076479433599755595913943242515415615319950595750978946278941545632701276061306734927070311788887676180385448127907969033300657257756551384360803147702329982396296343472
1998769952215626215762538764925187910781896722815039981777816803376021994476123806899255618862753951
101519069678402848806908941731800741562549173599131856561942843333770821561831922308353377335136862423051837213361195846599627082062151168421811873140984200376236866304490089283606582794070335278260479
65403959118025479271169694620103894977818738180893058868397618619947051841567846886152315668988874761
55500291866620638461421055495406330292779561964884067548391189351436902189944703692323325466421231609
3629938820282938253732307957851477914905717215456747902394214748474690251956542482657308698913598534198620390137473569272111973546133340425728267180408074872064643604682875359816827041240058744675520449
3629938820282938253732307957851477914905717215456747902394214748474690251956542482657308698913598534077716139152827451539521223430623115155129967034630948455275835633298921328304276462764417609265414080
1164967374166559216162697796592530362871966422900367520795597514909038832412489099130679392384768093
289220753838997610942835132105482926477937695810765680800671929980704369155584747264658890734470569437272068899527859840049823022857453486866934840530928818863691244713956030926840697623089516418571637
43233522521392068329457620700497747592790219528819719554649772646633887748637871862721352263765235001
40388895447248006810236248055605467777756828913143623420971839871328689428746547436753483528609975817
1746154220932746276669351231948131318765209051859875002096861077187230413529722791512205831672346400182268193958832632795703237469280681575477453524305049192425593469627894035171391958737562243931970817
1746154220932746276669351231948131318765209051859875002096861077187230413529722791512205831672346400098645775990192557656009368713177466204930405082341706216803980951665316857786972659262726451556760000
1463931274954871482544239631403259800093636433679239551716997119069289537372401054226210683122618891
211966336593050586171947629668346516952990803049326179754726329629474953299909838203212265433486114496672964646198245348815917338833268228606875811287430156520836415606524019004658364809309698342154211
39957736856629884919416684025557262679812961694432908355911465618857225724931913002197734067300234869
56035789159545026366593481852408442703701981030253900723618747163357266562744130553963919314195641397
2239063317790693662779134452195399825797454664415355051215579000441343114848672928475416884022737554356894638438004834600474363484335725206170942027184009712225567709443350872237753547126469834199271993
2239063317790693662779134452195399825797454664415355051215579000441343114848672928475416884022737554260901112421829923314464197606370019822655999302497200632695354927228858584561709990964816452703395728
1770350915842259637300052913447639260108393326609909581467123624973081115499521396891818789307262003
853677396144639382389473875255638222419722311466287757715275154680399790076895294546823321779206922083644396370149780278860471289530224454011657809824927103617310848760010437682849362628276544432813691
62195435584211598342113005529018149527668770405747109406411064154532912561790028148418209492846438271
44555623266337315370153197832650264602828553006191512485257910462667193597623193707833792672998534841
2771156396775882069734824964135209296786281094627015739869890352687425724771999933343917732112209466683328312341491970533283417135449250583089019483266007676831536227795252533913658466104258988349299911
2771156396775882069734824964135209296786281094627015739869890352687425724771999933343917732112209466576577253490943056821017213773780836452591696071327385785162561610595146374500436609852256822504326800
1719780360292657571119986903672552217296158919296671303036674230624777876692202415927947330488951507
1516104764590969907077568365312558021042459805040991524099432769586341267175920225434979725796383663160161788267371842674139866041307257027797631660361686701893693034019618507112511346724171163844632043
60090459056835322816132255511426565561530826305372148380427395275338447920074460331989523554493290731
41341917210844750989134928613626391143595761609201303734159239910841164259805543812330575873072841359
2484254783489342075193997328255737480082316221706196765134913986508072083852662817614685332877557383656295519004529437761193611804580975343018406105582458206089776257063752120528397297514935016228143429
2484254783489342075193997328255737480082316221706196765134913986508072083852662817614685332877557383554863142736849363955926427679528018637891818191009006091503141070884139940648393153194835588662011340
1175210066339616690544166924265744889154376169313479265322970172022713623434074271874181698131179063
457869782054130276088105682111597608616880163331548038798651296366156412451038710253896680258528617875522206467300485798963577672304388647215902093164778061665877984035966330965439744502398850166027607
44646209560309810558378723751003432116568815566642612101110129395615765729638401610854121665718908393
57940107382634684963088865801259678379083973186681246899296944047404540595764400805338948064021265379
2586806176151961706807383633525818741162730771230709094918665451446195037645049407398079846098639542064589710847177374907420877310086389569771801490689715621017485956567646382555358943934325046443425947
2586806176151961706807383633525818741162730771230709094918665451446195037645049407398079846098639541962003393904232879385953287757823279074119012737365856620610412513547340057152556527741255316703252176
1679092101741470674803911809611945159842809557535950026506140794653383573225581629696553510424037327
796150163741284712576542228120155232150806608780042730139496548587321294929013654775266204160534439974284261395859853877634768785825905327860767859995695695365542335119323808585726181374571575864606671









